1	2	3	4	5	6	7	8	9
-0.100000001	0	-0.100000001	0	0	0	1	0.00159999996	52
-0.0599999987	0	-0.100000001	0	0	0	1	0.00159999996	51
-0.0199999996	0	-0.100000001	0	0	0	1	0.00159999996	50
0.0199999996	0	-0.100000001	0	0	0	1	0.00159999996	50
0.0599999987	0	-0.100000001	0	0	0	1	0.00159999996	51
0.100000001	0	-0.100000001	0	0	0	1	0.00159999996	52
0.140000001	0	-0.100000001	0	0	0	1	0.00159999996	53
0.180000007	0	-0.100000001	0	0	0	1	0.00159999996	54
0.219999999	0	-0.100000001	0	0	0	1	0.00159999996	55
0.25999999	0	-0.100000001	0	0	0	1	0.00159999996	56
0.300000012	0	-0.100000001	0	0	0	1	0.00159999996	57
0.340000004	0	-0.100000001	0	0	0	1	0.00159999996	58
0.379999995	0	-0.100000001	0	0	0	1	0.00159999996	59
0.419999987	0	-0.100000001	0	0	0	1	0.00159999996	60
0.460000008	0	-0.100000001	0	0	0	1	0.00159999996	61
0.5	0	-0.100000001	0	0	0	1	0.00159999996	62
0.540000021	0	-0.100000001	0	0	0	1	0.00159999996	63
0.579999983	0	-0.100000001	0	0	0	1	0.00159999996	64
0.620000005	0	-0.100000001	0	0	0	1	0.00159999996	65
0.660000026	0	-0.100000001	0	0	0	1	0.00159999996	66
0.699999988	0	-0.100000001	0	0	0	1	0.00159999996	67
0.74000001	0	-0.100000001	0	0	0	1	0.00159999996	68
0.779999971	0	-0.100000001	0	0	0	1	0.00159999996	69
0.819999993	0	-0.100000001	0	0	0	1	0.00159999996	70
0.860000014	0	-0.100000001	0	0	0	1	0.00159999996	71
0.899999976	0	-0.100000001	0	0	0	1	0.00159999996	72
0.939999998	0	-0.100000001	0	0	0	1	0.00159999996	73
0.980000019	0	-0.100000001	0	0	0	1	0.00159999996	74
1.01999998	0	-0.100000001	0	0	0	1	0.00159999996	74
1.05999994	0	-0.100000001	0	0	0	1	0.00159999996	73
1.10000002	0	-0.100000001	0	0	0	1	0.00159999996	72
-0.100000001	0	-0.0599999987	0	0	0	1	0.00159999996	27
-0.0599999987	0	-0.0599999987	0	0	0	1	0.00159999996	26
-0.0199999996	0	-0.0599999987	0	0	0	1	0.00159999996	25
0.0199999996	0	-0.0599999987	0	0	0	1	0.00159999996	25
0.0599999987	0	-0.0599999987	0	0	0	1	0.00159999996	26
0.100000001	0	-0.0599999987	0	0	0	1	0.00159999996	27
0.140000001	0	-0.0599999987	0	0	0	1	0.00159999996	28
0.180000007	0	-0.0599999987	0	0	0	1	0.00159999996	29
0.219999999	0	-0.0599999987	0	0	0	1	0.00159999996	30
0.25999999	0	-0.0599999987	0	0	0	1	0.00159999996	31
0.300000012	0	-0.0599999987	0	0	0	1	0.00159999996	32
0.340000004	0	-0.0599999987	0	0	0	1	0.00159999996	33
0.379999995	0	-0.0599999987	0	0	0	1	0.00159999996	34
0.419999987	0	-0.0599999987	0	0	0	1	0.00159999996	35
0.460000008	0	-0.0599999987	0	0	0	1	0.00159999996	36
0.5	0	-0.0599999987	0	0	0	1	0.00159999996	37
0.540000021	0	-0.0599999987	0	0	0	1	0.00159999996	38
0.579999983	0	-0.0599999987	0	0	0	1	0.00159999996	39
0.620000005	0	-0.0599999987	0	0	0	1	0.00159999996	40
0.660000026	0	-0.0599999987	0	0	0	1	0.00159999996	41
0.699999988	0	-0.0599999987	0	0	0	1	0.00159999996	42
0.74000001	0	-0.0599999987	0	0	0	1	0.00159999996	43
0.779999971	0	-0.0599999987	0	0	0	1	0.00159999996	44
0.819999993	0	-0.0599999987	0	0	0	1	0.00159999996	45
0.860000014	0	-0.0599999987	0	0	0	1	0.00159999996	46
0.899999976	0	-0.0599999987	0	0	0	1	0.00159999996	47
0.939999998	0	-0.0599999987	0	0	0	1	0.00159999996	48
0.980000019	0	-0.0599999987	0	0	0	1	0.00159999996	49
1.01999998	0	-0.0599999987	0	0	0	1	0.00159999996	49
1.05999994	0	-0.0599999987	0	0	0	1	0.00159999996	48
1.10000002	0	-0.0599999987	0	0	0	1	0.00159999996	47
-0.100000001	0	-0.0199999996	0	0	0	1	0.00159999996	2
-0.0599999987	0	-0.0199999996	0	0	0	1	0.00159999996	1
-0.0199999996	0	-0.0199999996	0	0	0	1	0.00159999996	0
0.0199999996	0	-0.0199999996	0	0	0	1	0.00159999996	0
0.0599999987	0	-0.0199999996	0	0	0	1	0.00159999996	1
0.100000001	0	-0.0199999996	0	0	0	1	0.00159999996	2
0.140000001	0	-0.0199999996	0	0	0	1	0.00159999996	3
0.180000007	0	-0.0199999996	0	0	0	1	0.00159999996	4
0.219999999	0	-0.0199999996	0	0	0	1	0.00159999996	5
0.25999999	0	-0.0199999996	0	0	0	1	0.00159999996	6
0.300000012	0	-0.0199999996	0	0	0	1	0.00159999996	7
0.340000004	0	-0.0199999996	0	0	0	1	0.00159999996	8
0.379999995	0	-0.0199999996	0	0	0	1	0.00159999996	9
0.419999987	0	-0.0199999996	0	0	0	1	0.00159999996	10
0.460000008	0	-0.0199999996	0	0	0	1	0.00159999996	11
0.5	0	-0.0199999996	0	0	0	1	0.00159999996	12
0.540000021	0	-0.0199999996	0	0	0	1	0.00159999996	13
0.579999983	0	-0.0199999996	0	0	0	1	0.00159999996	14
0.620000005	0	-0.0199999996	0	0	0	1	0.00159999996	15
0.660000026	0	-0.0199999996	0	0	0	1	0.00159999996	16
0.699999988	0	-0.0199999996	0	0	0	1	0.00159999996	17
0.74000001	0	-0.0199999996	0	0	0	1	0.00159999996	18
0.779999971	0	-0.0199999996	0	0	0	1	0.00159999996	19
0.819999993	0	-0.0199999996	0	0	0	1	0.00159999996	20
0.860000014	0	-0.0199999996	0	0	0	1	0.00159999996	21
0.899999976	0	-0.0199999996	0	0	0	1	0.00159999996	22
0.939999998	0	-0.0199999996	0	0	0	1	0.00159999996	23
0.980000019	0	-0.0199999996	0	0	0	1	0.00159999996	24
1.01999998	0	-0.0199999996	0	0	0	1	0.00159999996	24
1.05999994	0	-0.0199999996	0	0	0	1	0.00159999996	23
1.10000002	0	-0.0199999996	0	0	0	1	0.00159999996	22
-0.100000001	0	0.0199999996	0	0	0	1	0.00159999996	2
-0.0599999987	0	0.0199999996	0	0	0	1	0.00159999996	1
-0.0199999996	0	0.0199999996	0	0	0	1	0.00159999996	0
1.01999998	0	0.0199999996	0	0	0	1	0.00159999996	24
1.05999994	0	0.0199999996	0	0	0	1	0.00159999996	23
1.10000002	0	0.0199999996	0	0	0	1	0.00159999996	22
-0.100000001	0	0.0599999987	0	0	0	1	0.00159999996	27
-0.0599999987	0	0.0599999987	0	0	0	1	0.00159999996	26
-0.0199999996	0	0.0599999987	0	0	0	1	0.00159999996	25
1.01999998	0	0.0599999987	0	0	0	1	0.00159999996	49
1.05999994	0	0.0599999987	0	0	0	1	0.00159999996	48
1.10000002	0	0.0599999987	0	0	0	1	0.00159999996	47
-0.100000001	0	0.100000001	0	0	0	1	0.00159999996	52
-0.0599999987	0	0.100000001	0	0	0	1	0.00159999996	51
-0.0199999996	0	0.100000001	0	0	0	1	0.00159999996	50
1.01999998	0	0.100000001	0	0	0	1	0.00159999996	74
1.05999994	0	0.100000001	0	0	0	1	0.00159999996	73
1.10000002	0	0.100000001	0	0	0	1	0.00159999996	72
-0.100000001	0	0.140000001	0	0	0	1	0.00159999996	77
-0.0599999987	0	0.140000001	0	0	0	1	0.00159999996	76
-0.0199999996	0	0.140000001	0	0	0	1	0.00159999996	75
1.01999998	0	0.140000001	0	0	0	1	0.00159999996	99
1.05999994	0	0.140000001	0	0	0	1	0.00159999996	98
1.10000002	0	0.140000001	0	0	0	1	0.00159999996	97
-0.100000001	0	0.180000007	0	0	0	1	0.00159999996	102
-0.0599999987	0	0.180000007	0	0	0	1	0.00159999996	101
-0.0199999996	0	0.180000007	0	0	0	1	0.00159999996	100
1.01999998	0	0.180000007	0	0	0	1	0.00159999996	124
1.05999994	0	0.180000007	0	0	0	1	0.00159999996	123
1.10000002	0	0.180000007	0	0	0	1	0.00159999996	122
-0.100000001	0	0.219999999	0	0	0	1	0.00159999996	127
-0.0599999987	0	0.219999999	0	0	0	1	0.00159999996	126
-0.0199999996	0	0.219999999	0	0	0	1	0.00159999996	125
1.01999998	0	0.219999999	0	0	0	1	0.00159999996	149
1.05999994	0	0.219999999	0	0	0	1	0.00159999996	148
1.10000002	0	0.219999999	0	0	0	1	0.00159999996	147
-0.100000001	0	0.25999999	0	0	0	1	0.00159999996	152
-0.0599999987	0	0.25999999	0	0	0	1	0.00159999996	151
-0.0199999996	0	0.25999999	0	0	0	1	0.00159999996	150
1.01999998	0	0.25999999	0	0	0	1	0.00159999996	174
1.05999994	0	0.25999999	0	0	0	1	0.00159999996	173
1.10000002	0	0.25999999	0	0	0	1	0.00159999996	172
-0.100000001	0	0.300000012	0	0	0	1	0.00159999996	177
-0.0599999987	0	0.300000012	0	0	0	1	0.00159999996	176
-0.0199999996	0	0.300000012	0	0	0	1	0.00159999996	175
1.01999998	0	0.300000012	0	0	0	1	0.00159999996	199
1.05999994	0	0.300000012	0	0	0	1	0.00159999996	198
1.10000002	0	0.300000012	0	0	0	1	0.00159999996	197
-0.100000001	0	0.340000004	0	0	0	1	0.00159999996	202
-0.0599999987	0	0.340000004	0	0	0	1	0.00159999996	201
-0.0199999996	0	0.340000004	0	0	0	1	0.00159999996	200
1.01999998	0	0.340000004	0	0	0	1	0.00159999996	224
1.05999994	0	0.340000004	0	0	0	1	0.00159999996	223
1.10000002	0	0.340000004	0	0	0	1	0.00159999996	222
-0.100000001	0	0.379999995	0	0	0	1	0.00159999996	227
-0.0599999987	0	0.379999995	0	0	0	1	0.00159999996	226
-0.0199999996	0	0.379999995	0	0	0	1	0.00159999996	225
1.01999998	0	0.379999995	0	0	0	1	0.00159999996	249
1.05999994	0	0.379999995	0	0	0	1	0.00159999996	248
1.10000002	0	0.379999995	0	0	0	1	0.00159999996	247
-0.100000001	0	0.419999987	0	0	0	1	0.00159999996	252
-0.0599999987	0	0.419999987	0	0	0	1	0.00159999996	251
-0.0199999996	0	0.419999987	0	0	0	1	0.00159999996	250
1.01999998	0	0.419999987	0	0	0	1	0.00159999996	274
1.05999994	0	0.419999987	0	0	0	1	0.00159999996	273
1.10000002	0	0.419999987	0	0	0	1	0.00159999996	272
-0.100000001	0	0.460000008	0	0	0	1	0.00159999996	277
-0.0599999987	0	0.460000008	0	0	0	1	0.00159999996	276
-0.0199999996	0	0.460000008	0	0	0	1	0.00159999996	275
1.01999998	0	0.460000008	0	0	0	1	0.00159999996	299
1.05999994	0	0.460000008	0	0	0	1	0.00159999996	298
1.10000002	0	0.460000008	0	0	0	1	0.00159999996	297
-0.100000001	0	0.5	0	0	0	1	0.00159999996	302
-0.0599999987	0	0.5	0	0	0	1	0.00159999996	301
-0.0199999996	0	0.5	0	0	0	1	0.00159999996	300
1.01999998	0	0.5	0	0	0	1	0.00159999996	324
1.05999994	0	0.5	0	0	0	1	0.00159999996	323
1.10000002	0	0.5	0	0	0	1	0.00159999996	322
-0.100000001	0	0.540000021	0	0	0	1	0.00159999996	327
-0.0599999987	0	0.540000021	0	0	0	1	0.00159999996	326
-0.0199999996	0	0.540000021	0	0	0	1	0.00159999996	325
1.01999998	0	0.540000021	0	0	0	1	0.00159999996	349
1.05999994	0	0.540000021	0	0	0	1	0.00159999996	348
1.10000002	0	0.540000021	0	0	0	1	0.00159999996	347
-0.100000001	0	0.579999983	0	0	0	1	0.00159999996	352
-0.0599999987	0	0.579999983	0	0	0	1	0.00159999996	351
-0.0199999996	0	0.579999983	0	0	0	1	0.00159999996	350
1.01999998	0	0.579999983	0	0	0	1	0.00159999996	374
1.05999994	0	0.579999983	0	0	0	1	0.00159999996	373
1.10000002	0	0.579999983	0	0	0	1	0.00159999996	372
-0.100000001	0	0.620000005	0	0	0	1	0.00159999996	377
-0.0599999987	0	0.620000005	0	0	0	1	0.00159999996	376
-0.0199999996	0	0.620000005	0	0	0	1	0.00159999996	375
1.01999998	0	0.620000005	0	0	0	1	0.00159999996	399
1.05999994	0	0.620000005	0	0	0	1	0.00159999996	398
1.10000002	0	0.620000005	0	0	0	1	0.00159999996	397
-0.100000001	0	0.660000026	0	0	0	1	0.00159999996	402
-0.0599999987	0	0.660000026	0	0	0	1	0.00159999996	401
-0.0199999996	0	0.660000026	0	0	0	1	0.00159999996	400
1.01999998	0	0.660000026	0	0	0	1	0.00159999996	424
1.05999994	0	0.660000026	0	0	0	1	0.00159999996	423
1.10000002	0	0.660000026	0	0	0	1	0.00159999996	422
-0.100000001	0	0.699999988	0	0	0	1	0.00159999996	427
-0.0599999987	0	0.699999988	0	0	0	1	0.00159999996	426
-0.0199999996	0	0.699999988	0	0	0	1	0.00159999996	425
1.01999998	0	0.699999988	0	0	0	1	0.00159999996	449
1.05999994	0	0.699999988	0	0	0	1	0.00159999996	448
1.10000002	0	0.699999988	0	0	0	1	0.00159999996	447
-0.100000001	0	0.74000001	0	0	0	1	0.00159999996	452
-0.0599999987	0	0.74000001	0	0	0	1	0.00159999996	451
-0.0199999996	0	0.74000001	0	0	0	1	0.00159999996	450
1.01999998	0	0.74000001	0	0	0	1	0.00159999996	474
1.05999994	0	0.74000001	0	0	0	1	0.00159999996	473
1.10000002	0	0.74000001	0	0	0	1	0.00159999996	472
-0.100000001	0	0.779999971	0	0	0	1	0.00159999996	477
-0.0599999987	0	0.779999971	0	0	0	1	0.00159999996	476
-0.0199999996	0	0.779999971	0	0	0	1	0.00159999996	475
1.01999998	0	0.779999971	0	0	0	1	0.00159999996	499
1.05999994	0	0.779999971	0	0	0	1	0.00159999996	498
1.10000002	0	0.779999971	0	0	0	1	0.00159999996	497
-0.100000001	0	0.819999993	0	0	0	1	0.00159999996	502
-0.0599999987	0	0.819999993	0	0	0	1	0.00159999996	501
-0.0199999996	0	0.819999993	0	0	0	1	0.00159999996	500
1.01999998	0	0.819999993	0	0	0	1	0.00159999996	524
1.05999994	0	0.819999993	0	0	0	1	0.00159999996	523
1.10000002	0	0.819999993	0	0	0	1	0.00159999996	522
-0.100000001	0	0.860000014	0	0	0	1	0.00159999996	527
-0.0599999987	0	0.860000014	0	0	0	1	0.00159999996	526
-0.0199999996	0	0.860000014	0	0	0	1	0.00159999996	525
1.01999998	0	0.860000014	0	0	0	1	0.00159999996	549
1.05999994	0	0.860000014	0	0	0	1	0.00159999996	548
1.10000002	0	0.860000014	0	0	0	1	0.00159999996	547
-0.100000001	0	0.899999976	0	0	0	1	0.00159999996	552
-0.0599999987	0	0.899999976	0	0	0	1	0.00159999996	551
-0.0199999996	0	0.899999976	0	0	0	1	0.00159999996	550
1.01999998	0	0.899999976	0	0	0	1	0.00159999996	574
1.05999994	0	0.899999976	0	0	0	1	0.00159999996	573
1.10000002	0	0.899999976	0	0	0	1	0.00159999996	572
-0.100000001	0	0.939999998	0	0	0	1	0.00159999996	577
-0.0599999987	0	0.939999998	0	0	0	1	0.00159999996	576
-0.0199999996	0	0.939999998	0	0	0	1	0.00159999996	575
1.01999998	0	0.939999998	0	0	0	1	0.00159999996	599
1.05999994	0	0.939999998	0	0	0	1	0.00159999996	598
1.10000002	0	0.939999998	0	0	0	1	0.00159999996	597
-0.100000001	0	0.980000019	0	0	0	1	0.00159999996	602
-0.0599999987	0	0.980000019	0	0	0	1	0.00159999996	601
-0.0199999996	0	0.980000019	0	0	0	1	0.00159999996	600
1.01999998	0	0.980000019	0	0	0	1	0.00159999996	624
1.05999994	0	0.980000019	0	0	0	1	0.00159999996	623
1.10000002	0	0.980000019	0	0	0	1	0.00159999996	622
-0.100000001	0	1.01999998	0	0	0	1	0.00159999996	602
-0.0599999987	0	1.01999998	0	0	0	1	0.00159999996	601
-0.0199999996	0	1.01999998	0	0	0	1	0.00159999996	600
0.0199999996	0	1.01999998	1	0	0	1	0.00159999996	600
0.0599999987	0	1.01999998	1	0	0	1	0.00159999996	601
0.100000001	0	1.01999998	1	0	0	1	0.00159999996	602
0.140000001	0	1.01999998	1	0	0	1	0.00159999996	603
0.180000007	0	1.01999998	1	0	0	1	0.00159999996	604
0.219999999	0	1.01999998	1	0	0	1	0.00159999996	605
0.25999999	0	1.01999998	1	0	0	1	0.00159999996	606
0.300000012	0	1.01999998	1	0	0	1	0.00159999996	607
0.340000004	0	1.01999998	1	0	0	1	0.00159999996	608
0.379999995	0	1.01999998	1	0	0	1	0.00159999996	609
0.419999987	0	1.01999998	1	0	0	1	0.00159999996	610
0.460000008	0	1.01999998	1	0	0	1	0.00159999996	611
0.5	0	1.01999998	1	0	0	1	0.00159999996	612
0.540000021	0	1.01999998	1	0	0	1	0.00159999996	613
0.579999983	0	1.01999998	1	0	0	1	0.00159999996	614
0.620000005	0	1.01999998	1	0	0	1	0.00159999996	615
0.660000026	0	1.01999998	1	0	0	1	0.00159999996	616
0.699999988	0	1.01999998	1	0	0	1	0.00159999996	617
0.74000001	0	1.01999998	1	0	0	1	0.00159999996	618
0.779999971	0	1.01999998	1	0	0	1	0.00159999996	619
0.819999993	0	1.01999998	1	0	0	1	0.00159999996	620
0.860000014	0	1.01999998	1	0	0	1	0.00159999996	621
0.899999976	0	1.01999998	1	0	0	1	0.00159999996	622
0.939999998	0	1.01999998	1	0	0	1	0.00159999996	623
0.980000019	0	1.01999998	1	0	0	1	0.00159999996	624
1.01999998	0	1.01999998	0	0	0	1	0.00159999996	624
1.05999994	0	1.01999998	0	0	0	1	0.00159999996	623
1.10000002	0	1.01999998	0	0	0	1	0.00159999996	622
-0.100000001	0	1.05999994	0	0	0	1	0.00159999996	577
-0.0599999987	0	1.05999994	0	0	0	1	0.00159999996	576
-0.0199999996	0	1.05999994	0	0	0	1	0.00159999996	575
0.0199999996	0	1.05999994	1	0	0	1	0.00159999996	575
0.0599999987	0	1.05999994	1	0	0	1	0.00159999996	576
0.100000001	0	1.05999994	1	0	0	1	0.00159999996	577
0.140000001	0	1.05999994	1	0	0	1	0.00159999996	578
0.180000007	0	1.05999994	1	0	0	1	0.00159999996	579
0.219999999	0	1.05999994	1	0	0	1	0.00159999996	580
0.25999999	0	1.05999994	1	0	0	1	0.00159999996	581
0.300000012	0	1.05999994	1	0	0	1	0.00159999996	582
0.340000004	0	1.05999994	1	0	0	1	0.00159999996	583
0.379999995	0	1.05999994	1	0	0	1	0.00159999996	584
0.419999987	0	1.05999994	1	0	0	1	0.00159999996	585
0.460000008	0	1.05999994	1	0	0	1	0.00159999996	586
0.5	0	1.05999994	1	0	0	1	0.00159999996	587
0.540000021	0	1.05999994	1	0	0	1	0.00159999996	588
0.579999983	0	1.05999994	1	0	0	1	0.00159999996	589
0.620000005	0	1.05999994	1	0	0	1	0.00159999996	590
0.660000026	0	1.05999994	1	0	0	1	0.00159999996	591
0.699999988	0	1.05999994	1	0	0	1	0.00159999996	592
0.74000001	0	1.05999994	1	0	0	1	0.00159999996	593
0.779999971	0	1.05999994	1	0	0	1	0.00159999996	594
0.819999993	0	1.05999994	1	0	0	1	0.00159999996	595
0.860000014	0	1.05999994	1	0	0	1	0.00159999996	596
0.899999976	0	1.05999994	1	0	0	1	0.00159999996	597
0.939999998	0	1.05999994	1	0	0	1	0.00159999996	598
0.980000019	0	1.05999994	1	0	0	1	0.00159999996	599
1.01999998	0	1.05999994	0	0	0	1	0.00159999996	599
1.05999994	0	1.05999994	0	0	0	1	0.00159999996	598
1.10000002	0	1.05999994	0	0	0	1	0.00159999996	597
-0.100000001	0	1.10000002	0	0	0	1	0.00159999996	552
-0.0599999987	0	1.10000002	0	0	0	1	0.00159999996	551
-0.0199999996	0	1.10000002	0	0	0	1	0.00159999996	550
0.0199999996	0	1.10000002	1	0	0	1	0.00159999996	550
0.0599999987	0	1.10000002	1	0	0	1	0.00159999996	551
0.100000001	0	1.10000002	1	0	0	1	0.00159999996	552
0.140000001	0	1.10000002	1	0	0	1	0.00159999996	553
0.180000007	0	1.10000002	1	0	0	1	0.00159999996	554
0.219999999	0	1.10000002	1	0	0	1	0.00159999996	555
0.25999999	0	1.10000002	1	0	0	1	0.00159999996	556
0.300000012	0	1.10000002	1	0	0	1	0.00159999996	557
0.340000004	0	1.10000002	1	0	0	1	0.00159999996	558
0.379999995	0	1.10000002	1	0	0	1	0.00159999996	559
0.419999987	0	1.10000002	1	0	0	1	0.00159999996	560
0.460000008	0	1.10000002	1	0	0	1	0.00159999996	561
0.5	0	1.10000002	1	0	0	1	0.00159999996	562
0.540000021	0	1.10000002	1	0	0	1	0.00159999996	563
0.579999983	0	1.10000002	1	0	0	1	0.00159999996	564
0.620000005	0	1.10000002	1	0	0	1	0.00159999996	565
0.660000026	0	1.10000002	1	0	0	1	0.00159999996	566
0.699999988	0	1.10000002	1	0	0	1	0.00159999996	567
0.74000001	0	1.10000002	1	0	0	1	0.00159999996	568
0.779999971	0	1.10000002	1	0	0	1	0.00159999996	569
0.819999993	0	1.10000002	1	0	0	1	0.00159999996	570
0.860000014	0	1.10000002	1	0	0	1	0.00159999996	571
0.899999976	0	1.10000002	1	0	0	1	0.00159999996	572
0.939999998	0	1.10000002	1	0	0	1	0.00159999996	573
0.980000019	0	1.10000002	1	0	0	1	0.00159999996	574
1.01999998	0	1.10000002	0	0	0	1	0.00159999996	574
1.05999994	0	1.10000002	0	0	0	1	0.00159999996	573
1.10000002	0	1.10000002	0	0	0	1	0.00159999996	572
